0.00329484
0.00345587
0.00339828
0.00343848
0.00337113
0.00337113
0.00337113
0.00337113
0.00337113
0.00337113
0.00331905
0.00337113
0.00342322
0.00342322
0.00337113
0.00337113
0.00337113
0.00339901
0.00350318
0.0034511
0.00339901
0.0034704
0.00339901
0.00336039
0.00336039
0.00336039
0.00336039
0.00338733
0.00338733
0.00338733
0.00338733
0.00338733
0.00338733
0.00338733
0.00338733
0.00338733
0.00334692
0.00334692
0.00334692
0.00334692
0.00339901
0.00334692
0.00334692
0.00334692
0.00334692
0.00334692
0.00334692
0.00334692
0.00334692
0.00334692
0.00334692
0.00334692
0.00334692
0.00334692
0.00334692
0.00334692
0.00334692
0.00334692
0.00334692
0.00334692
0.00334692
0.00334692
0.00334692
0.00334692
0.00334692
0.00334692
0.00334692
0.00334692
0.00334692
0.00334692
0.00334692
0.00334692
0.00334692
0.00334692
0.00334692
0.00334692
0.00334692
0.00334692
0.00334692
0.00334692
0.00334692
0.00334692
0.00334692
0.00334692
0.00334692
0.00334692
0.00334692
0.00334692
0.00334692
0.00334692
0.00334692
0.00334692
0.00334692
0.00334692
0.00334692
0.00334692
0.00334692
0.00334692
0.00334692
0.00334692
0.00335903
0.00334692
0.00334692
0.00334692
0.00334692
0.00334692
0.00334692
0.00334692
0.00334692
0.00334692
0.00334692
0.00334692
0.00334692
0.00334692
0.00334692
0.00334692
0.00334692
0.00334692
0.00334692
0.00336623
0.00334692
0.00334692
0.00334692
0.00334692
0.00334692
0.00334692
0.00334692
0.00334692
0.00334692
0.00334692
0.00333252
0.00331905
0.00334556
0.00333115
0.00333115
0.00333115
0.00330694
0.00333252
0.00331905
0.00331905
0.00335809
0.00330694
0.00333388
0.00333115
0.00332041
0.00330694
0.00331905
0.00333345
0.00332041
0.00332135
0.00330694
0.00333115
0.00330694
0.00331905
0.00331905
0.00331905
0.00331905
0.00331905
0.00332625
0.00331905
0.00333836
0.00332625
0.00331905
0.00333115
0.00331905
0.00333252
0.00332625
0.00331905
0.00330694
0.00331905
0.00333115
0.00333345
0.00331905
0.00331905
0.00331905
0.00331905
0.00331905
0.00331905
0.00331905
0.00331905
0.00331905
0.00331905
0.00331905
0.00331905
0.00331905
0.00331905
0.00331905
0.00331905
0.00331905
0.00331905
0.00331905
0.00331905
0.00331905
0.00331905
0.00331905
0.00330694
0.00331905
0.00331905
0.00331905
0.00331905
0.00331905
0.00332041
0.00333388
0.00330694
0.00330694
0.00330694
0.00330694
0.00331414
0.00331414
0.00331414
0.00331414
0.00331414
0.00331645
0.00330204
0.00330204
0.00330204
0.00330204
0.00330204
0.00330924
0.00330204
0.00330204
0.00330204
0.00330204
0.00330204
0.00330204
0.00330924
0.00330924
0.00331551
0.00333618
0.00330924
0.00330924
0.00330204
0.00330204
0.00330204
0.00330204
0.00330204
0.00330204
0.00330204
0.00330924
0.00330924
0.00330924
0.00330924
0.00330924
0.00330924
0.00330924
0.00330924
0.00330924
0.00330924
0.00330924
0.00330924
0.00330924
0.00330204
0.00330204
0.00330204
0.00330204
0.00330204
0.00330204
0.00330204
0.00330204
0.00330204
0.00330924
0.00330204
0.00330204
0.00330204
0.00330204
0.00330204
0.00330204
0.00330204
0.00330204
0.00330204
0.00330924
0.00330204
0.00330204
0.00330204
0.00330204
0.00330204
0.00330204
0.00330204
0.00330204
0.00330204
0.00332177
0.0033083
0.0033083
0.0033083
0.0033083
0.0033083
0.00332177
0.00332177
0.00332177
0.00332177
0.0033083
0.00332177
0.0033083
0.0033083
0.0033083
0.0033083
0.0033083
0.0033083
0.0033083
0.0033083
